    -0.200     1.200     2.876     5.486
    -0.100     1.200     2.876     5.486
     0.000     1.200     2.876     5.486
     0.000    15.117     2.295     6.252
     0.100    15.073     2.295     6.078
     0.200    15.030     2.295     5.920
     0.300    14.987     2.295     5.778
     0.400    14.944     2.295     5.650
     0.500    14.901     2.295     5.535
     0.600    14.858     2.295     5.430
     0.700    14.815     2.295     5.336
     0.800    14.772     2.295     5.251
     0.900    14.730     2.295     5.174
     1.000    14.687     2.295     5.105
     1.100    14.645     2.295     5.042
     1.200    14.603     2.295     4.986
     1.200    12.525     2.140     5.141
     1.300    12.486     2.140     5.351
     1.400    12.448     2.140     5.543
     1.500    12.410     2.140     5.719
     1.600    12.371     2.140     5.879
     1.700    12.333     2.140     6.025
     1.800    12.296     2.140     6.159
     1.900    12.258     2.140     6.282
     2.000    12.220     2.140     6.394
     2.100    12.182     2.140     6.496
     2.200    12.145     2.140     6.589
     2.300    12.108     2.140     6.675
     2.400    12.070     2.140     6.753
     2.500    12.033     2.140     6.825
     2.600    11.996     2.140     6.890
     2.700    11.960     2.140     6.950
     2.800    11.923     2.140     7.005
     2.850    11.904     2.140     7.030
     2.850    10.763     2.924     6.757
     2.950    10.740     2.924     6.816
     3.050    10.717     2.924     6.871
     3.150    10.694     2.924     6.923
     3.250    10.672     2.924     6.971
     3.350    10.649     2.924     7.016
     3.450    10.627     2.924     7.059
     3.550    10.604     2.924     7.098
     3.650    10.582     2.924     7.135
     3.750    10.559     2.924     7.170
     3.850    10.537     2.924     7.202
     3.950    10.514     2.924     7.232
     4.050    10.492     2.924     7.260
     4.150    10.470     2.924     7.287
     4.250    10.448     2.924     7.312
     4.350    10.426     2.924     7.335
     4.450    10.404     2.924     7.356
     4.550    10.382     2.924     7.377
     4.650    10.360     2.924     7.396
     4.750    10.338     2.924     7.413
     4.850    10.316     2.924     7.430
     4.950    10.294     2.924     7.446
     5.040    10.274     2.924     7.459
     5.040     9.464     2.842     7.327
     5.140     9.443     2.842     7.355
     5.240     9.421     2.842     7.381
     5.340     9.400     2.842     7.405
     5.440     9.379     2.842     7.427
     5.540     9.358     2.842     7.448
     5.640     9.336     2.842     7.467
     5.740     9.315     2.842     7.485
     5.840     9.294     2.842     7.502
     5.940     9.273     2.842     7.517
     6.040     9.252     2.842     7.531
     6.140     9.232     2.842     7.545
     6.240     9.211     2.842     7.557
     6.340     9.190     2.842     7.568
     6.390     9.180     2.842     7.574
     6.390     4.015     2.078     6.467
     6.490     4.010     2.078     6.501
     6.590     4.005     2.078     6.533
     6.690     4.000     2.078     6.566
     6.790     3.995     2.078     6.597
     6.890     3.991     2.078     6.627
     6.990     3.986     2.078     6.657
     7.090     3.981     2.078     6.686
     7.130     3.979     2.078     6.697
